32,69,77,38/1
33,68,66,40/1
37,71,69,43/1
36,64,69,35/1
33,63,70,40/1
35,66,75,51/1
37,62,72,41/1
33,67,67,40/1
32,65,81,36/1
33,70,75,40/1
32,64,76,36/1
33,64,75,41/1
32,68,83,45/1
36,68,77,45/2
36,62,74,42/2
39,69,75,41/2
35,60,70,49/2
36,61,76,48/2
36,60,75,46/2
37,60,69,40/2
34,66,73,45/2
36,68,74,46/2
34,62,77,43/2
34,66,77,40/2
35,64,71,52/2
35,59,72,51/2
47,57,68,57/3
42,59,71,53/3
41,66,69,49/3
39,61,68,48/3
43,62,69,52/3
45,68,79,44/3
46,77,69,49/3
37,66,70,43/3
46,69,70,52/3
47,70,80,51/3
39,72,76,51/4
39,64,70,51/4
43,66,75,57/4
42,61,81,51/4
45,70,68,50/4
42,72,69,49/4
56,63,77,51/4
43,71,73,60/4
41,65,71,56/4
46,65,77,54/4
55,68,70,51/4
42,63,84,68/4
39,62,73,52/4
47,65,75,53/4
47,69,85,48/5
44,62,74,57/5
51,70,82,56/5
59,64,70,54/5
53,74,71,53/5
52,75,75,54/5
45,74,71,54/5
58,58,71,50/5
48,60,68,54/5
47,61,77,57/5
57,57,70,55/5
52,55,69,60/5
45,61,74,60/5
41,64,75,49/5
53,68,72,58/5
49,61,72,51/5
48,63,77,51/5
51,65,77,58/6
49,59,67,54/6
45,55,65,56/6
66,55,70,62/6
51,56,64,59/6
64,59,66,57/6
63,61,69,64/6
45,61,69,53/6
45,68,77,59/6
42,69,71,61/6
47,56,67,58/6
50,68,80,57/6
54,70,68,60/6
50,68,69,57/6
46,61,73,58/6
57,61,82,55/6
55,63,77,60/6
54,64,71,59/6
68,64,72,58/6
60,62,76,71/6
53,66,70,57/6
56,62,69,59/6
50,58,75,65/6
51,58,66,64/6
48,67,81,59/7
46,67,74,60/7
49,62,75,69/7
53,65,70,67/7
52,63,72,67/7
46,62,69,61/7
48,76,80,67/7
46,69,73,59/7
55,69,67,58/7
55,69,72,56/7
55,57,66,54/7
55,58,67,58/7
54,71,68,66/7
50,60,68,56/7
55,65,76,53/7
65,63,69,54/8
67,71,76,57/8
57,71,74,65/8
66,63,66,72/8
48,65,67,69/8
59,64,71,61/8
57,61,79,67/8
55,61,69,64/8
55,58,68,67/8
49,62,65,57/8
59,60,65,59/8
54,61,71,61/8
51,60,84,57/8
64,67,78,57/8
61,56,70,57/9
62,56,68,60/9
51,59,67,63/9
55,67,71,64/9
60,66,76,65/9
58,71,74,60/9
55,71,73,68/9
65,65,78,69/9
52,62,69,61/9
48,66,72,58/9
57,68,73,61/9
60,61,75,63/9
62,65,68,67/9
55,77,78,58/9
56,67,73,59/9
58,64,73,74/9
57,67,76,71/9
72,60,67,65/10
57,60,65,64/10
60,63,76,68/10
57,61,70,62/10
63,71,71,62/10
58,69,71,62/10
51,70,67,72/10
50,79,75,69/10
53,55,78,63/10
60,64,72,70/10
60,61,70,66/10
56,61,71,64/10
62,63,82,59/10
51,56,72,61/10
57,60,69,68/10
77,59,71,61/10
63,58,67,60/11
66,62,64,60/11
69,63,61,59/11
60,63,66,59/11
66,56,64,66/11
59,66,70,64/11
56,62,72,66/11
57,63,65,66/11
51,66,66,72/11
57,71,70,66/11
57,68,64,67/11
56,61,67,60/11
57,53,74,63/11
66,62,69,59/11
58,57,68,63/11
59,58,71,64/11
64,60,67,65/11
66,56,68,73/12
63,54,67,67/12
67,55,69,65/12
54,54,72,63/12
66,57,75,65/12
58,52,74,66/12
64,56,69,69/12
61,50,61,66/12
69,56,82,74/12
66,58,73,59/12
57,56,70,66/12
57,53,62,67/12
58,58,60,66/12
60,58,70,61/12
60,67,71,77/12
66,57,67,67/12
64,54,65,64/12
63,54,66,64/12
56,52,65,63/12
57,52,67,74/12
58,52,69,64/12
54,58,65,63/13
58,54,68,65/13
60,55,65,68/13
61,56,62,64/13
65,56,72,63/13
56,58,72,62/13
53,69,63,82/13
54,69,78,66/13
54,56,68,71/13
57,51,76,65/13
55,55,61,73/13
57,52,64,69/13
59,53,64,70/13
54,51,66,71/13
47,58,68,67/13
53,56,63,64/13
49,55,73,66/13
51,55,64,65/13
52,55,64,63/13
52,58,62,66/13
49,53,70,62/14
50,55,63,63/14
55,54,68,60/14
53,50,64,64/14
57,59,67,63/14
63,60,64,69/14
62,55,66,74/14
60,54,63,71/14
57,48,61,73/14
54,53,70,72/14
53,57,70,68/14
55,61,70,64/14
55,65,63,65/14
52,57,67,73/14
53,49,68,67/14
56,58,72,62/14
53,58,68,63/14
56,52,65,67/15
69,48,74,70/15
53,57,63,68/15
66,57,64,61/15
57,47,62,72/15
55,49,59,69/15
58,49,60,65/15
58,47,73,65/15
60,56,61,67/15
52,55,66,69/15
61,53,55,67/15
70,49,60,64/15
60,47,57,63/15
61,58,58,66/15
61,55,60,64/16
52,44,61,67/16
54,45,62,67/16
53,47,63,64/16
58,55,70,79/16
62,48,63,85/16
63,48,56,74/16
53,48,63,70/16
50,54,66,76/16
53,45,71,65/16
64,47,64,64/16
65,51,55,67/16
64,55,52,63/16
60,46,52,66/16
59,59,57,62/16
58,50,66,63/16
59,48,58,64/16
57,43,62,66/16
52,52,55,74/16
57,56,62,59/16
58,46,58,64/16
53,54,75,69/16
52,48,59,64/16
51,45,57,69/17
54,44,54,64/17
56,50,53,71/17
53,45,64,72/17
53,49,52,75/17
53,54,68,75/17
54,50,54,77/17
51,43,63,65/17
53,48,61,64/17
60,49,55,60/17
70,58,60,63/17
54,45,61,63/17
73,42,61,66/17
59,40,57,64/17
65,51,70,64/17
63,48,67,65/17
60,50,57,66/17
63,58,61,65/17
58,63,60,68/17
62,57,61,65/17
59,53,57,63/17
65,61,63,65/17
56,42,55,63/18
55,44,54,63/18
59,46,52,69/18
54,39,52,71/18
55,42,61,67/18
54,49,58,72/18
61,49,58,72/18
59,48,61,65/18
59,48,66,72/18
55,60,60,69/18
54,47,61,68/18
60,39,58,68/18
57,39,59,69/18
58,40,55,69/18
53,40,49,69/18
56,39,49,73/19
55,37,43,64/19
56,37,41,68/19
58,53,45,78/19
65,35,43,69/19
61,43,46,73/19
62,35,46,72/19
56,37,46,64/19
62,37,44,64/19
61,36,60,64/19
53,37,51,64/19
57,44,43,69/19
56,37,46,66/19
55,36,52,70/19
52,40,42,63/19
54,51,46,66/19
57,40,42,60/19
59,41,46,62/19
57,41,51,69/19
63,43,42,68/19
65,35,46,72/20
58,46,47,82/20
60,36,43,74/20
56,35,47,75/20
68,35,49,77/20
57,34,44,80/20
56,41,54,72/20
55,35,46,78/20
64,35,46,68/20
58,36,49,66/20
58,34,55,71/20
54,35,44,67/20
57,35,48,65/20
55,36,54,64/20
54,37,53,66/20
56,45,47,63/20
57,34,49,65/20
55,35,50,63/20
58,35,45,62/20
72,45,51,71/21
73,42,46,72/21
76,42,60,77/21
73,49,45,73/21
75,38,54,83/21
67,37,42,72/21
65,35,45,80/21
71,47,51,77/21
67,37,53,71/21
70,47,45,72/21
73,40,41,79/21
70,45,46,71/21
72,41,42,78/21
77,41,43,75/21
84,35,48,75/21
64,43,49,75/21
71,43,40,72/21
72,41,41,77/21
77,34,40,81/21
74,45,41,76/22
84,44,44,79/22
77,41,45,78/22
83,45,37,75/22
70,39,49,79/22
72,38,49,68/22
75,41,42,81/22
78,41,41,75/22
76,43,57,75/22
77,41,40,76/22
77,41,40,76/22
75,44,45,73/22
81,43,46,79/22
74,42,41,84/22
74,41,52,80/22
74,40,59,76/23
72,47,51,75/23
72,56,49,73/23
73,45,44,70/23
79,67,39,68/23
77,52,41,76/23
78,50,40,79/23
83,42,48,71/23
80,45,37,72/23
78,36,48,68/23
71,36,37,77/23
73,39,44,69/23
75,37,43,70/23
76,37,42,82/23
70,38,55,75/23
79,50,39,76/23
76,53,50,73/23
81,39,38,76/23
72,54,45,69/48
78,53,48,81/48
76,43,61,70/48
71,49,62,79/48
81,50,48,82/48
71,42,51,80/48
75,53,65,76/48
75,58,59,72/48
78,55,61,68/48
72,52,55,75/48
77,49,67,77/48
73,60,55,76/48
76,52,49,72/48
73,59,52,77/48
73,51,47,83/48
81,57,35,64/24
79,47,35,64/24
69,54,46,58/24
75,51,36,72/24
70,41,35,67/24
73,43,37,67/24
75,45,53,69/24
80,38,39,65/24
69,39,33,66/24
81,43,34,71/24
73,44,35,66/24
75,42,34,68/24
79,42,35,67/24
72,46,34,67/24
72,45,35,80/24
67,39,36,61/25
69,42,42,66/25
70,43,45,62/25
72,44,44,59/25
70,41,52,61/25
72,43,37,58/25
67,44,40,63/25
69,43,41,66/25
69,46,40,76/25
70,55,37,64/25
74,56,40,64/25
75,43,38,66/25
80,57,37,72/25
79,55,41,63/25
66,47,44,69/25
66,45,40,74/25
66,42,35,68/25
66,41,44,60/25
80,45,38,58/25
69,49,47,67/25
69,39,42,65/25
67,39,38,67/25
69,39,41,70/25
69,56,43,68/26
68,54,42,75/26
65,56,54,70/26
65,56,45,67/26
66,53,39,75/26
82,62,50,69/26
77,56,39,63/26
76,56,37,60/26
78,54,47,58/26
73,55,51,63/26
71,67,45,61/26
69,55,45,61/26
70,54,58,68/26
80,53,49,63/26
74,68,42,69/26
81,54,39,67/26
66,49,42,70/26
67,48,47,72/26
67,54,49,63/27
65,55,51,61/27
65,54,40,67/27
78,64,47,63/27
77,60,55,59/27
74,56,45,64/27
71,67,49,64/27
71,59,48,61/27
78,56,57,63/27
76,57,44,57/27
69,71,43,63/27
74,58,42,57/27
73,63,53,58/27
77,61,43,55/27
69,62,45,64/27
63,72,43,65/27
64,61,54,58/28
63,70,52,64/28
63,70,48,64/28
63,66,49,64/28
64,68,46,64/28
70,63,61,69/28
64,69,54,64/28
70,71,55,61/28
71,63,43,55/28
80,53,45,59/28
63,61,55,58/28
70,63,52,58/28
75,60,50,61/28
67,65,52,58/28
75,58,46,57/28
80,61,45,55/28
78,60,62,59/29
79,60,55,56/29
73,64,62,54/29
61,59,49,57/29
71,70,47,62/29
65,63,51,63/29
70,67,54,60/29
61,74,54,60/29
68,63,51,58/29
65,69,48,57/29
65,55,49,78/29
67,59,45,62/29
65,70,61,57/29
66,56,63,62/29
70,57,53,57/29
71,69,55,57/29
70,57,53,68/29
84,78,61,63/29
63,69,58,72/29
67,64,56,65/29
65,63,55,64/29
68,64,51,54/29
70,60,55,53/29
67,68,57,57/30
65,55,58,57/30
67,59,54,55/30
74,61,57,59/30
69,58,51,61/30
76,63,51,56/30
61,64,50,54/30
63,61,52,56/30
73,72,58,57/30
63,66,52,58/30
67,59,48,57/30
67,59,51,54/30
64,55,56,54/30
72,76,65,56/30
65,60,55,57/30
73,55,55,60/30
70,54,50,56/30
75,57,66,71/30
67,62,50,64/30
63,62,55,60/30
63,63,55,58/30
66,65,55,57/30
68,69,50,63/31
67,58,63,62/31
66,63,58,69/31
71,62,55,53/31
71,64,61,63/31
78,65,64,58/31
63,73,63,63/31
67,59,59,55/31
71,59,69,54/31
68,66,56,59/31
81,73,52,55/31
74,62,64,70/31
63,64,66,73/31
67,65,58,66/31
67,67,59,66/31
68,63,60,57/32
73,68,58,66/32
67,64,60,58/32
61,79,58,64/32
64,67,57,58/32
64,68,59,55/32
65,65,57,55/32
72,63,51,56/32
63,65,62,57/32
68,69,60,60/32
67,65,60,59/32
71,61,61,53/32
64,63,60,53/32
69,66,65,58/32
79,69,58,54/32
66,72,66,58/33
63,70,65,67/33
68,68,54,54/33
71,74,54,57/33
63,78,66,53/33
63,65,57,64/33
67,64,61,57/33
67,63,68,72/33
73,71,57,64/33
69,74,61,58/33
65,73,53,61/33
63,67,57,68/33
64,63,59,71/33
63,62,61,51/33
58,67,60,57/34
71,72,66,68/34
59,68,59,64/34
56,67,53,53/34
64,70,56,58/34
71,82,59,53/34
62,66,59,54/34
72,72,58,51/34
72,77,59,51/34
64,67,50,60/34
61,68,50,57/34
66,71,65,63/34
70,75,58,64/34
58,70,63,60/34
66,61,55,52/34
73,69,52,55/34
59,68,54,54/34
59,75,49,57/34
58,69,50,54/34
59,81,49,63/34
57,81,48,51/34
72,69,70,57/35
61,61,72,62/35
59,59,61,51/35
58,61,55,63/35
57,65,68,57/35
56,71,72,53/35
59,76,62,57/35
62,76,58,55/35
58,61,54,69/35
62,70,59,56/35
58,70,58,57/35
60,69,54,60/35
63,79,59,54/35
63,64,71,53/35
77,68,63,63/35
55,67,58,74/35
56,69,56,61/35
55,72,56,63/35
58,67,58,53/35
56,67,58,55/35
55,67,51,54/35
55,64,56,55/35
61,65,66,49/36
61,75,55,52/36
62,68,62,49/36
73,69,63,53/36
51,81,60,59/36
54,79,57,50/36
60,73,63,47/36
69,72,60,54/36
70,69,55,47/36
57,80,56,49/36
70,71,59,70/36
60,71,60,54/36
59,70,64,52/36
68,76,68,46/36
60,77,57,53/36
64,77,55,49/36
71,72,59,50/36
68,69,61,52/36
63,70,61,61/36
66,73,61,52/36
66,78,66,52/36
67,82,67,53/36
67,80,66,53/36
58,69,63,61/36
62,69,65,52/36
58,66,59,53/36
61,73,60,60/37
71,76,65,57/37
60,78,60,51/37
63,79,64,65/37
52,79,67,49/37
59,74,58,50/37
55,75,73,56/37
61,75,59,62/37
56,73,64,58/37
56,83,67,59/37
55,79,59,49/37
61,82,75,51/37
59,78,69,56/37
60,73,70,50/37
52,71,58,56/37
55,70,57,53/37
54,80,61,51/37
57,74,64,51/37
56,74,64,49/37
58,78,60,53/38
53,78,63,54/38
54,75,66,51/38
52,74,69,45/38
61,70,59,54/38
61,75,67,50/38
55,73,59,45/38
56,74,68,46/38
60,72,59,48/38
56,79,62,44/38
59,76,69,49/38
52,74,56,55/38
52,76,59,64/38
62,81,68,51/38
66,72,66,54/38
65,80,61,48/38
62,78,58,47/38
49,75,62,47/39
57,73,58,48/39
53,73,59,50/39
47,77,60,40/39
51,78,61,42/39
48,80,62,48/39
58,81,56,41/39
50,81,62,52/39
49,76,64,44/39
54,75,58,43/39
49,77,67,48/39
53,74,67,41/39
53,74,59,57/39
71,79,60,47/39
51,79,65,45/39
55,74,57,43/39
49,79,57,57/39
50,68,63,44/39
54,78,61,45/39
53,76,62,45/39
60,77,66,52/40
51,74,75,46/40
47,75,67,45/40
47,80,73,42/40
65,75,68,42/40
52,73,69,49/40
45,70,60,44/40
48,70,67,47/40
52,76,58,40/40
47,71,59,39/40
55,73,60,46/40
48,77,67,42/40
54,76,60,48/40
53,68,55,49/40
56,74,63,45/40
49,75,69,48/40
50,73,68,51/40
55,75,72,58/40
55,73,69,61/40
49,79,68,43/40
55,77,68,63/40
55,80,67,54/40
47,74,69,41/42
55,82,63,35/42
40,75,64,44/42
37,71,63,40/42
47,76,66,53/42
42,79,61,47/42
42,81,62,46/42
43,70,69,38/42
37,75,75,49/42
36,73,77,50/42
46,75,64,45/42
39,78,66,37/42
39,78,63,36/42
53,75,63,41/42
39,75,61,38/42
40,72,62,38/42
42,73,67,50/42
51,74,61,37/42
42,71,73,35/43
46,79,62,39/43
45,77,63,35/43
41,78,65,44/43
38,78,59,37/43
43,79,65,36/43
49,77,66,40/43
44,80,70,37/43
37,79,70,41/43
51,77,70,39/43
42,85,61,41/43
44,80,65,40/43
47,72,64,39/43
40,77,67,34/43
40,76,63,34/43
39,79,65,34/43
46,78,62,33/43
39,78,64,38/43
42,82,62,39/43
39,80,72,48/44
41,75,75,45/44
36,74,79,44/44
45,80,81,39/44
49,79,83,35/44
40,84,76,49/44
37,75,69,39/44
45,78,74,41/44
46,81,77,47/44
55,79,68,41/44
45,73,69,36/44
53,73,70,39/44
41,78,79,40/44
57,79,70,54/44
45,74,82,39/45
46,78,75,43/45
41,78,70,40/45
37,76,69,39/45
47,77,72,39/45
46,78,74,38/45
37,76,75,35/45
40,75,74,43/45
39,77,69,40/45
39,80,71,40/45
40,77,81,37/45
41,81,77,38/45
39,74,70,36/45
35,80,77,42/45
39,81,75,40/45
39,82,82,44/45
47,72,68,35/46
36,67,74,40/46
36,66,74,43/46
38,69,71,34/46
39,72,79,44/46
39,76,81,35/46
37,74,67,35/46
37,74,73,35/46
36,76,78,41/46
37,74,77,37/46
36,69,74,49/46
37,73,83,40/46
44,69,84,39/46
38,79,78,45/47
40,69,74,42/47
35,69,82,43/47
56,83,82,37/47
35,72,81,51/47
38,81,74,53/47
37,74,74,45/47
38,72,85,40/47
42,72,80,47/47
40,78,81,47/47
37,76,72,47/47
45,78,73,44/47
36,74,87,38/47
38,68,83,39/47
36,74,81,38/47
35,69,80,43/47
34,77,72,45/47
39,73,72,49/47
40,74,77,47/47
37,74,77,47/47
39,72,75,51/47
37,70,78,45/47
51,72,66,42/41
46,82,62,44/41
45,81,62,43/41
44,76,64,43/41
53,73,72,44/41
49,70,59,45/41
45,73,61,45/41
51,68,57,40/41
46,83,58,42/41
55,81,59,42/41
55,79,64,44/41
52,75,64,39/41
46,70,66,41/41
57,73,67,48/41
50,69,64,42/41
50,75,62,38/42
45,77,71,42/42
46,82,76,58/42
45,81,77,53/42
45,75,77,51/42
43,71,65,48/42
44,76,69,39/43
48,80,70,35/43
46,82,69,34/43
46,85,64,35/43
45,84,63,35/43
51,81,63,35/43
48,79,63,35/43
45,80,63,36/43
47,83,63,36/43
46,73,62,49/40
45,84,60,52/40
45,83,59,48/40
46,81,59,50/40
46,77,58,53/40
46,80,58,55/40
43,83,58,45/40
48,75,63,55/39
51,80,62,51/39
53,77,61,48/39
54,76,60,46/39
52,83,61,45/39
52,75,58,53/38
54,71,64,44/38
56,81,65,46/38
61,80,65,48/38
63,79,64,48/38
63,77,68,49/38
64,74,54,57/36
66,75,55,60/36
65,76,56,54/36
75,79,55,55/36
76,76,57,55/36
63,76,56,54/36
33,70,70,41/1
34,70,69,43/1
33,66,82,44/1
33,68,81,47/1
32,68,75,39/1
32,74,77,39/1
33,67,71,47/1
43,83,75,39/1
33,71,83,36/1
35,75,81,39/1
33,75,80,45/1
33,73,78,43/1
37,75,74,45/1
34,74,84,37/1
32,75,76,42/1
32,63,72,44/1
34,67,82,41/1
34,71,71,59/2
36,71,78,45/2
41,66,82,38/2
37,66,80,36/2
34,69,76,40/2
34,59,77,40/2
34,70,78,39/2
38,69,83,50/2
45,70,72,46/2
39,73,75,50/2
36,75,77,48/2
33,75,75,44/2
37,69,84,49/2
40,68,79,53/3
39,64,80,42/3
49,74,76,51/3
38,77,81,68/3
39,79,77,49/3
49,70,69,45/3
45,69,74,62/3
54,66,70,46/3
41,75,80,51/3
46,69,69,55/3
46,63,69,52/3
38,69,74,47/3
40,78,83,52/3
40,74,75,51/3
45,60,71,50/3
41,78,75,53/3
42,78,75,53/3
41,68,76,51/3
39,75,72,46/3
41,65,72,52/3
45,73,68,49/3
39,66,68,54/3
53,69,75,49/3
47,66,75,49/3
39,71,76,46/3
45,67,75,47/3
38,66,68,49/3
42,75,82,54/4
42,66,75,65/4
39,68,71,49/4
42,67,79,51/4
42,64,81,54/4
43,64,80,51/4
44,76,74,53/4
45,69,77,56/4
51,71,81,61/4
42,67,74,48/4
40,65,75,53/4
41,69,76,55/4
43,70,75,68/4
50,72,83,52/4
41,67,77,66/4
44,67,74,55/4
48,69,70,56/4
48,67,80,52/4
51,71,76,49/4
45,67,72,63/5
44,77,73,54/5
52,72,76,57/5
47,73,71,57/5
55,74,72,57/5
57,67,70,62/5
57,75,74,67/5
49,70,77,55/5
46,69,70,62/5
49,75,77,55/5
49,69,74,48/5
50,73,78,65/5
50,68,80,61/5
49,77,75,50/5
45,71,81,51/5
44,67,84,47/5
58,68,81,61/5
48,72,72,50/5
50,70,71,47/5
50,70,85,50/5
46,74,71,49/5
49,63,83,54/5
52,71,70,50/5
45,69,74,70/5
53,67,81,54/6
47,65,80,55/6
51,65,78,58/6
46,72,75,61/6
64,73,80,62/6
46,66,78,62/6
52,70,80,57/6
47,78,82,67/6
45,73,81,55/6
47,71,82,53/6
43,66,75,49/6
42,61,77,52/6
54,60,78,52/6
49,65,85,57/6
52,63,77,57/6
53,65,79,55/6
51,66,82,59/7
50,64,70,57/7
58,77,78,57/7
56,64,69,60/7
55,63,72,66/7
48,65,73,63/7
46,73,71,55/7
57,80,72,55/7
57,63,80,60/7
55,72,78,65/7
63,66,70,66/7
54,73,77,58/7
55,67,85,63/7
51,67,82,66/7
52,67,81,65/7
57,66,86,69/7
64,66,72,67/7
59,70,78,60/8
58,69,74,57/8
61,75,70,59/8
60,73,75,61/8
53,68,71,65/8
56,66,70,74/8
55,61,72,72/8
50,64,70,58/8
57,64,82,62/8
53,73,77,66/8
54,68,79,55/8
60,68,77,53/8
60,68,77,56/8
58,62,68,57/8
57,63,71,55/8
55,72,75,55/8
51,81,78,65/9
51,65,71,63/9
59,70,75,62/9
57,67,77,63/9
54,79,75,62/9
61,63,75,61/9
57,82,77,69/9
58,65,77,65/9
61,62,72,73/9
55,75,79,64/9
53,71,73,70/9
57,73,83,65/9
56,67,71,79/9
59,65,78,66/9
57,60,65,59/10
54,62,76,70/10
55,67,69,69/10
65,70,83,58/10
62,70,72,70/10
62,62,69,67/10
55,61,81,69/10
57,64,73,65/10
54,64,66,60/10
57,77,77,70/10
63,60,69,64/10
64,64,79,59/10
61,60,67,69/10
57,62,66,57/10
60,58,64,57/10
56,60,70,65/10
57,62,70,72/10
56,58,67,67/10
55,62,72,64/11
54,67,68,65/11
55,57,69,68/11
55,64,67,60/11
52,61,68,67/11
51,65,68,71/11
54,64,67,66/11
63,62,70,66/11
56,61,76,67/11
60,80,72,65/11
51,60,76,66/11
61,62,73,65/11
59,62,69,63/11
55,59,75,63/11
54,55,76,71/11
55,57,69,65/11
53,55,84,61/11
55,64,66,72/11
55,57,66,60/12
65,52,63,63/12
58,56,63,75/12
57,65,66,64/12
64,71,66,73/12
65,70,69,70/12
54,58,65,67/12
56,70,69,78/12
55,53,71,69/12
54,64,75,68/12
67,52,63,79/12
51,54,69,60/12
51,59,68,64/12
51,62,63,60/12
54,56,65,65/12
52,62,83,68/13
52,57,69,61/13
63,57,63,70/13
60,69,66,76/13
60,63,71,69/13
55,66,64,73/13
51,58,72,79/13
53,69,65,65/13
56,63,63,68/13
53,56,71,72/13
49,58,68,68/13
49,72,64,71/13
53,57,69,64/13
51,57,63,65/13
59,49,62,64/14
68,56,63,67/14
69,52,68,82/14
54,59,71,66/14
68,62,63,72/14
61,56,69,66/14
63,63,63,64/14
51,59,73,61/14
55,59,63,70/14
57,61,63,67/14
62,52,65,61/14
64,51,64,64/14
56,47,65,67/14
72,59,66,62/14
58,53,64,73/14
60,54,63,63/14
55,60,58,67/15
55,57,61,66/15
62,57,70,68/15
60,52,61,63/15
57,65,63,73/15
63,52,67,67/15
63,51,60,76/15
60,52,72,62/15
52,65,68,63/15
66,56,61,65/15
60,58,55,66/15
57,56,61,68/15
57,48,69,66/16
55,55,64,63/16
53,57,58,63/16
51,50,59,76/16
52,49,63,80/16
59,57,67,63/16
59,60,59,64/16
63,61,63,70/16
52,47,66,67/16
57,52,51,70/16
56,51,65,68/16
56,55,56,66/16
64,49,65,63/16
61,45,59,63/16
60,45,58,62/16
61,64,61,60/16
55,70,55,68/16
54,48,64,69/17
56,54,61,67/17
54,57,61,76/17
55,51,55,66/17
55,44,60,66/17
58,49,51,67/17
59,51,56,63/17
56,51,52,63/17
55,51,58,64/17
65,46,70,66/17
60,54,61,65/17
59,46,68,62/17
61,52,59,63/17
58,51,56,64/17
63,50,68,73/17
64,50,52,77/18
59,39,57,70/18
59,53,59,77/18
50,44,60,69/18
59,41,56,76/18
62,42,61,63/18
73,44,55,69/18
60,52,82,76/18
66,44,54,75/18
62,43,62,69/18
63,53,51,66/18
59,59,53,68/18
59,59,49,70/18
60,49,49,66/18
57,49,49,68/18
65,45,59,75/18
64,36,42,72/19
58,36,43,72/19
58,37,51,78/19
65,40,51,75/19
67,38,49,73/19
63,44,42,71/19
78,37,44,71/19
67,35,52,77/19
56,50,42,82/19
69,39,65,71/19
57,40,46,79/19
57,37,44,66/19
54,35,44,67/19
55,37,48,69/19
56,41,45,70/19
61,40,40,67/20
71,34,41,66/20
60,46,46,69/20
65,34,44,65/20
61,34,45,67/20
53,35,49,66/20
68,37,53,72/20
62,44,45,70/20
65,36,47,65/20
64,34,49,68/20
66,35,63,84/20
64,35,48,81/20
61,34,57,82/20
69,35,46,70/20
65,35,46,73/20
56,82,62,36/41
53,78,65,39/41
49,78,70,47/41
68,80,68,36/41
52,78,69,38/41
54,73,63,53/41
58,72,71,43/41
46,77,69,49/41
57,76,63,45/41
51,83,69,45/41
47,74,61,52/40
51,74,72,46/40
47,75,65,49/40
59,75,66,58/40
55,76,64,52/40
48,71,65,45/40
51,75,66,46/40
52,73,67,45/40
68,78,64,48/40
51,70,67,56/40
53,69,67,55/40
50,73,68,46/40
52,77,58,52/39
60,76,59,51/39
52,81,70,42/39
53,81,58,43/39
53,73,60,50/39
53,69,74,54/39
54,76,67,52/39
57,75,58,54/39
54,71,66,61/39
54,71,67,66/39
61,73,66,73/39
65,76,63,58/39
54,73,65,58/39
61,73,59,56/38
63,71,57,59/38
51,77,59,52/38
55,72,62,63/38
53,73,68,45/38
63,75,59,46/38
59,75,62,51/38
61,77,62,57/38
60,74,61,51/38
66,74,59,52/38
59,70,58,48/38
64,75,58,48/38
46,75,80,56/3
55,79,83,54/3
62,73,79,56/3
48,61,78,55/3
45,63,80,57/3
43,67,76,52/3
41,79,77,73/3
44,76,76,62/3
40,71,86,53/3
62,81,85,58/3
45,75,80,59/3
45,73,75,62/3
41,72,80,59/3
46,65,80,56/3
53,69,80,45/3
46,69,72,50/3
45,65,75,49/3
56,75,75,62/4
56,76,75,65/4
42,67,79,59/4
51,72,77,66/4
46,75,82,55/4
42,69,82,51/4
48,71,74,59/4
47,64,75,56/4
40,61,81,60/4
42,62,73,58/4
60,66,79,59/4
44,75,76,54/5
57,78,74,49/5
48,70,70,52/5
65,71,75,48/5
59,66,78,57/5
50,67,74,60/5
52,71,80,56/5
64,67,76,63/5
57,72,70,57/5
54,75,68,51/5
61,66,73,57/5
51,71,79,53/5
50,76,76,54/5
53,81,84,59/5
57,76,76,52/5
53,74,75,60/5
32,68,74,38/1
45,64,81,43/1
54,64,80,45/1
33,67,74,38/1
32,71,73,36/1
34,72,77,37/1
46,73,76,36/1
33,68,73,41/1
33,78,78,39/1
37,74,78,38/47
37,72,75,37/47
36,81,80,42/47
46,75,73,36/47
42,79,86,38/47
44,81,69,51/47
37,77,75,39/47
35,82,78,48/47
37,73,79,37/47
38,77,70,42/46
35,82,74,39/46
37,80,71,45/46
37,78,74,42/46
39,84,72,43/46
38,81,73,45/46
41,77,72,42/46
35,80,76,38/45
36,78,83,36/45
37,82,82,36/45
39,78,77,38/45
37,80,75,36/45
37,81,79,36/45
40,75,71,46/44
40,78,79,38/44
39,78,74,39/44
48,77,72,41/44
41,83,72,44/44
74,53,39,64/25
72,47,42,63/25
75,50,41,62/25
72,54,52,58/26
71,57,53,59/26
74,60,47,57/26
66,57,39,60/26
69,59,42,57/27
71,52,52,80/27
74,69,51,62/27
79,62,51,62/27
73,68,50,62/27
71,52,41,68/27
72,62,42,57/27
72,51,41,57/27
76,57,43,60/27
76,57,40,56/27
73,57,42,63/27
74,59,45,68/27
70,59,43,64/27
66,65,49,57/28
68,54,49,60/28
67,56,50,62/28
68,57,59,58/28
65,66,50,69/28
66,61,46,60/28
65,66,45,63/28
65,66,46,65/28
71,58,48,60/28
68,57,47,66/28
67,55,46,59/28
68,57,49,62/28
86,66,50,64/29
69,59,48,62/29
75,64,48,67/29
75,63,45,66/29
77,69,44,63/29
73,59,44,78/29
78,55,49,63/30
69,72,45,74/30
73,60,45,69/30
72,60,51,59/30
65,63,46,61/30
71,67,48,69/30
64,69,46,61/30
65,63,50,58/30
63,67,58,68/31
67,65,54,67/31
63,71,56,59/31
63,67,51,67/31
65,57,59,64/31
70,60,59,57/31
65,69,56,59/31
64,67,56,61/31
66,63,55,61/32
67,57,62,59/32
67,78,75,55/32
73,65,62,57/32
79,63,63,61/32
68,59,56,57/32
67,61,57,61/32
75,63,55,64/32
71,66,56,64/32
75,67,58,64/32
78,70,55,66/32
59,63,51,66/33
63,74,58,53/33
67,69,55,52/33
74,81,56,52/33
71,77,53,52/33
67,69,51,52/33
78,72,53,53/33
74,69,52,55/33
61,68,51,55/34
62,69,53,58/34
61,66,55,57/34
68,69,63,59/34
64,69,59,59/34
63,71,55,59/34
67,66,55,67/34
66,69,53,57/34
69,71,55,57/34
64,74,54,54/35
69,66,60,57/35
75,69,60,62/35
59,71,56,52/35
57,75,57,50/35
59,81,58,51/35
60,74,62,55/35
57,73,57,57/35
57,80,57,53/35
58,77,57,53/35
57,76,58,59/35
64,71,66,51/36
63,69,58,46/36
65,69,57,46/36
64,68,57,48/36
63,68,69,52/36
68,69,58,51/36
62,69,56,50/36
66,71,58,55/36
66,71,62,51/36
60,69,67,49/36
68,70,61,54/37
61,68,54,52/37
57,69,57,51/37
56,68,55,51/37
59,66,54,50/37
55,69,57,59/37
69,78,80,56/37
57,66,63,51/37
55,75,62,56/37
56,73,59,48/37
58,69,57,48/37
57,68,76,50/5
66,72,74,48/5
51,67,80,52/5
57,67,77,49/5
45,72,75,53/5
51,70,73,51/5
56,67,75,49/5
63,72,77,55/5
53,67,83,51/5
64,69,80,49/5
61,68,77,49/5
54,69,75,49/5
52,74,75,48/5
50,70,80,65/6
50,75,77,71/6
50,77,76,60/6
51,69,78,61/6
49,69,77,65/6
51,69,85,59/6
64,69,78,60/6
57,69,73,58/6
49,72,76,57/6
46,70,74,55/6
53,72,72,55/6
46,63,76,61/6
45,75,72,59/6
45,71,71,54/6
46,74,70,57/6
54,67,70,60/7
55,62,72,59/7
50,72,67,65/7
49,69,73,58/7
48,68,70,69/7
48,60,71,66/7
47,62,71,68/7
48,63,71,74/7
47,61,74,72/7
47,62,74,67/7
46,66,75,71/7
54,59,76,63/7
53,60,69,67/7
66,60,72,66/7
61,63,77,59/7
52,63,69,57/7
55,64,71,62/7
57,63,76,63/7
48,61,77,62/8
66,56,70,71/8
52,57,67,61/8
53,71,75,67/8
57,57,70,64/8
46,65,70,64/8
58,58,69,61/8
58,60,69,60/8
61,62,69,67/8
53,55,72,65/8
54,56,73,63/8
64,58,71,61/8
71,57,66,61/8
61,58,67,77/8
60,60,73,67/8
70,59,78,64/8
58,63,67,74/8
57,67,67,63/8
61,63,65,66/8
60,65,70,57/9
64,74,80,64/9
67,57,70,62/9
58,76,80,61/9
60,67,74,70/9
56,78,78,66/9
57,59,79,64/9
55,68,85,61/9
55,72,79,65/9
61,61,79,63/9
59,65,76,65/9
59,66,74,70/10
60,65,73,66/10
61,71,77,63/10
62,67,74,60/10
64,63,74,65/10
65,66,72,63/10
56,65,70,64/10
66,59,78,64/10
60,61,71,64/11
53,64,73,67/11
52,63,74,72/11
70,62,73,77/11
62,68,72,65/11
61,61,70,67/11
58,63,63,69/11
53,60,67,74/11
63,61,67,73/12
66,67,69,85/12
62,54,69,75/12
59,68,72,64/12
55,55,63,60/12
63,59,65,67/12
57,66,68,64/12
61,55,69,66/12
61,60,69,65/13
68,60,74,71/13
55,55,70,77/13
57,52,72,63/13
57,62,67,67/13
55,48,73,61/13
55,61,66,66/13
63,55,74,73/13
55,58,67,69/14
55,55,72,69/14
54,52,71,68/14
53,58,68,70/14
54,51,69,64/14
54,50,73,69/14
53,69,66,65/14
53,56,75,66/14
57,49,57,79/15
59,51,60,70/15
58,49,63,72/15
55,54,63,66/15
53,45,68,72/15
56,46,58,71/15
55,48,69,69/15
55,50,73,67/15
58,53,62,75/16
57,48,64,75/16
58,55,61,73/16
60,63,69,75/16
56,48,58,75/16
54,48,59,73/16
65,50,59,68/16
55,52,65,69/16
55,47,55,72/17
55,56,63,76/17
55,50,66,70/17
54,51,51,74/17
55,55,61,81/17
56,57,58,76/17
58,39,68,75/18
59,41,63,71/18
57,45,66,75/18
64,48,59,75/18
65,49,58,74/18
